0.51006061389754653 0.43907918922636757 -1.0460146644586512 -1.1983269242010146 0.060391083764306422
0.07537799593213268 0.8383197819413879 0.33003059232892418 0.4044842471030527 1.6483517063987567
0.83319824417586408 0.66626826722506993 -0.56200949326769012 -1.2382979095704021 -0.97506429792893934
0.23869266612536788 0.29603666873435064 0.89006455885059399 0.88430221835301759 -0.46376497300150671
0.39160745046405088 0.5887425742089164 1.4846202063844964 1.472335958048747 0.24502907987470834
0.9370488952769872 0.46732271338554732 1.1515796101414109 1.2271706875955701 0.22925412648405064
0.63212638723127423 0.043068946049287238 0.19351739108511576 0.13511120417787956 1.0996013184987148
0.91621693486694089 0.072507051084763408 -0.89927384203545624 -1.6926037952344457 -1.6655354386814099
0.88966948744393171 0.016956722452784456 1.0635947830063657 -1.9489402874966864 1.1680561163029288
0.89827809065549502 0.17724704207646469 0.6613740827021044 1.0022441083468958 -0.0080170667405301734
0.80417593622037842 0.094907900706954762 0.61807963560174373 -0.30671693931509442 1.1720687565981942
0.8598726179301186 0.19802040033405599 -0.58041223228331695 0.30118424748143119 -0.19193141410821449
0.56485852087368549 0.19103490026298875 0.1459470820154195 0.15212836025406515 2.3234054133517992
0.62852850358795764 0.04367622227540302 0.98026111282116368 0.14571326171824286 0.4116277686314368
0.99511381531434395 0.14878656737068729 -0.6604015243733109 0.0080752760488312474 1.5784647122940347
0.51919542535605523 0.8125781857614206 0.76261074606513279 -0.095155015618292538 -1.8320150296183138
0.23173202240437807 0.36161528677229116 -0.93782999238475584 0.11924942350334176 -1.6129301871436328
0.68513282707749856 0.082119034762945797 0.022201468445597852 0.53680265310286768 -1.0647638722412667
0.086929068369764995 0.30185419626344467 2.1670447627726772 0.39047554455569117 0.40508603858055459
0.78620270767145473 0.16116985739342393 -0.24775852721605113 -0.54309245761343128 -0.54467975675742397
0.94099504135122203 0.23706999246191585 -0.4857511551129638 0.24264911563157715 -1.1640958201438576
0.42129816216558291 0.4988591347924648 0.88593297031013607 -0.076101478494145142 0.74525679531185773
0.075873606186662834 0.009506514640909236 0.10255342853768683 -0.19382561231262849 -0.86471606210845975
0.49724673174500611 0.57591619852425602 -0.001301333932474694 0.89962841594130349 -0.091636701205124224
0.026086429971737046 0.63737388068775047 0.95388495249933902 0.03796800594283696 0.59226083722140987
0.97131454283014818 0.59265593792384519 -1.5841929617260186 -0.21901997048532759 -0.41260497694622428
0.49929472452709922 0.45509466950551247 -0.35692114424009486 0.2038444983138806 -1.5527052376189712
0.95462273209857551 0.94201534861959257 -0.9581606249758976 -2.0702634203431267 -0.63902541580275418
0.97001421167663215 0.21814106755133122 -2.766299287604761 -0.26056006542705901 0.81870309033467259
0.069361789075545688 0.13732913205676867 1.0048355393625177 2.2311074766972441 -1.9086263670371613
0.98113674401186857 0.44864591306420609 -1.0002129923929823 0.60617169373344204 1.2447866895786022
0.2092158574810169 0.15770764563868933 -0.68708563590604932 -0.42429689387271585 -1.1235577922786064
0.39706618213020894 0.42973056104420582 -0.074973786181040197 -1.4888184217136566 -0.24863551709851708
0.71094744877676108 0.53887568876727177 -0.95405309602066413 -0.69700299515471986 -0.37100619908854859
0.057849602049156346 0.31439687713045517 1.2988457737933488 0.48345278034330347 0.78344063730121694
0.23171177405992682 0.93241980117330947 -0.62632022805349064 -0.10948446819575945 -1.0441383273122955
0.78539444639670775 0.82973641871394432 1.2088752222502652 0.68924274882511649 -0.18851102148973581
0.40388670596323628 0.045904709483936101 1.1483048403474168 -0.65457977262438305 -0.021121006225602198
0.62989533493231564 0.5397020106610475 -1.9045370842589864 0.024690112934785936 0.99878317788461635
0.09947495299345821 0.48620736959778277 0.93830751081173602 1.4467491572227962 -0.51632254090192253
0.5235747542682696 0.53487981786927208 1.6082004287827139 -1.9706457847011931 -0.89449766953194332
0.80507762940235483 0.092835473127428791 -0.18221643800615273 -0.068517076821035111 0.93550730326851295
0.8386493609311243 0.68033600787267268 -0.32044644541693879 -0.4125774483925192 -0.50889125850084771
0.37338316517802117 0.16463485553368229 0.78725135267863267 1.6381784476579839 1.4345525699572566
0.40933108985156352 0.30784693267186081 0.91982066959319519 2.3992869789672442 -0.20272510317674075
0.36285212695411784 0.70751763771453235 0.733245492109595 -0.49289690993848378 0.069502961233593702
0.98738316530564507 0.24648188372367397 -0.33819739670119831 2.3638727477756425 -1.1266393313512182
0.81262429663329816 0.46888037991699927 1.1328648336317455 0.80280025050794224 -1.523918357561328
0.90995188161635698 0.46708895501377934 1.772665106062929 -1.2942670942812955 0.22720142780602262
0.48264408205175291 0.74210006502991988 -1.37710681434558 1.3108679148064075 -2.2236159481702424
0.77659802094456354 0.37156902639135347 -1.2937961553187001 -0.43284797219458815 -0.36026957536076354
0.37849289249169249 0.82114903765510683 -0.35128865208659943 0.17784671652695302 0.69130878031526077
0.21475595375578738 0.077382347830479592 -1.4102001448598276 -1.265031721673197 0.050658383855542985
0.11558762294519498 0.47386302832288507 0.13781132118969514 -0.20674767246856007 1.6242702942951328
0.59302978185616007 0.84785233141132432 0.60655744943788692 2.1592032850866469 -0.23877318756357285
0.88452998816944983 0.85302962239134106 1.4602600509084338 -0.33241780526834724 1.7870291123426763
0.95657963100291699 0.23136151966179985 0.78351223314632534 -1.540129738037046 -0.67002349714280507
0.74639312186102325 0.20088460188995261 -0.80995215376982099 -0.83996803820647914 0.71240223380350631
0.069386913824209251 0.54752489367839408 0.10950984998184 -0.94048126002641241 1.2849615647654371
0.013951287899344633 0.011262395656444046 -0.87168113000782566 -1.7627779162045034 1.1619565896417101
0.78534773275887138 0.051660344897017541 -0.73448264139969222 -0.61775644333512181 1.8754150721192582
0.041451501526507117 0.56676564358208315 1.0663007525669739 1.2381407939374258 -0.74406684013546642
0.68411447182371199 0.76064937360364893 -1.8400900788903194 -0.43949455990503572 -0.62988840394960866
0.46187481120355056 0.21661880240721798 -0.10253629831476346 0.66744195987695398 -1.2628125679335334
0.73381999546693644 0.56155639076600328 -0.5880591271221558 -0.19739428065661493 0.058313939148901241
0.94183486465596111 0.20620346856944904 -1.2982525218776295 -1.1684878240696994 -0.078938088880199223
0.94400279131096587 0.66226794581070647 0.71810359498489529 -0.71026959369836618 -1.1245711865893748
0.34143554235906282 0.58738192468652672 -1.4604091269542581 -0.09955593807988547 -0.25775138101318756
0.84652977766493998 0.001540225327521072 0.90231102883234204 -1.6456778572431778 1.859410913239393
0.29027123984564362 0.60046676898413065 0.27957681954257169 1.4767748504044154 -0.35137918962609599
0.45587565266310948 0.85819808703203904 1.9559601895991534 -1.0047645495542317 -0.55912613154165425
0.35117004212808733 0.8491372185178353 0.92117123815306989 -1.3686029224214391 -1.1185536477116793
0.15743917895351234 0.33703711553643512 0.34117523506636366 2.0158237192644211 -0.31878430873743607
0.74961209682302854 0.79203643728978257 -0.83253185401656449 -0.12801723594347494 -1.02354750320343
0.16264916157642217 0.54932138449214329 -0.13144072481064942 -0.29358322638951401 -0.12729877273224086
0.90054551070200983 0.60587778749266663 -0.75143800496540303 0.96768153550158675 0.006919521083846426
0.017945421955908869 0.80639650121857598 2.0681539034060052 -0.45371155441342553 0.44870349968477069
0.73593823615622156 0.24920923916291526 0.18948328733607842 0.26917692955404349 -0.20399435556326714
0.8640774002519177 0.80467096926514381 -0.37494221748340129 -0.65090888643999356 -0.37242191137122838
0.94956699201453276 0.74479624411281364 -1.4068140360206061 -0.62250424484650224 -0.98767940333841509
